30123
30447
110570
139498
156609
170552
188949
199177
241022
265358
375052
402580
282866
350864
266449
300230
13262
14301
33135
37137
37138
50863
53858
55410
59447
59454
59579
59580
73378
83524
121566
121567
122559
127361
147619
150281
154054
154325
162086
163288
163499
171355
171356
176884
180715
181179
184153
186729
197032
204397
204398
219524
221220
228999
229102
232637
241094
259925
266692
282503
282504
289939
296354
308340
314967
320105
334319
334892
363644
367941
373190
379734
380860
392933
393103
398282
401546
167363
106824
199178
1552
102040
238641
1547
372538
297656
356445
364380
301682
177854
5435
125294
171293
321837
373191
397641
375777
206373
126031
180626
50856
193464
33133
90601
180918
335370
308038
30116
64242
159727
262941
349495
319164
150280
201300
65789
321629
330065
99235
172678
274200
197596
230946
154898
319984
198173
298183
236852
21996
297472
176883
322984
295447
116778
228998
110882
110571
402595
371550
71498
354689
300091
180059
356309
301800
282867
398632
194621
132162
258923
403145
201959
382522
106825
356446
192052
321535
201589
260485
298942
300084
325704
37734
161120
235658
202220
300897
58720
258956
215230
356308
321630
189429
40581
374976
151167
178860
246603
397389
213259
13263
401545
297165
249033
198051
138430
192053
301494
83526
398847
38366
216344
236056
198174
324808
30117
259030
74789
74269
124121
315885
226431
391025
403595
280345
194468
335692
308022
73496
329244
330064
135975
131326
314411
300083
297471
195507
205936
221756
297340
390579
237058
398623
397215
228469
171003
365739
298182
292241
203693
239461
131561
55984
315884
162037
376562
397517
329512
332504
329847
296852
392666
401758
221219
141000
306655
333474
255365
301048
292048
231908
243250
145073
188069
383295
177125
382455
188068
139499
319002
240029
141576
397875
283815
188471
290355
149568
143485
320428
121849
333005
255444
191963
234549
234921
88675
99044
99045
99610
104418
113048
118460
127797
128973
225488
225567
301601
319140
354594
194405
381994
341020
114736
384156
234239
224606
171848
362823
69882
386545
246532
173750
194312
336982
298447
319204
99818
110446
111084
177983
379342
290354
121440
400474
194432
406240
264124
382437
182666
389444
464
22087
76293
76294
134217
192468
192640
192647
392234
87922
370769
95959
118197
318109
44648
301228
250910
263668
173751
181646
99609
185039
39867
230943
248772
270741
402731
123038
191724
244777
123039
187618
220158
87921
227316
378791
110266
77371
142399
342918
227882
233385
341402
124190
232623
235749
2713
104560
231310
178281
382131
368551
90640
368607
405854
168900
33277
318521
240240
237460
379004
389739
125166
95615
28823
342164
211866
41907
392252
94446
151905
112150
234238
370535
208654
233510
45257
105135
406579
178079
370185
224258
101204
84586
134922
134924
156087
200639
210695
210696
229608
232356
234844
243501
318039
353438
250038
365310
362891
274513
168955
299889
194797
91986
281174
401938
338632
340908
312803
239418
225974
396027
308023
98701
429
298448
241622
259619
279641
108856
222474
365800
237655
301384
194852
177311
82121
294444
264131
141968
291415
21287
378567
391650
340607
342407
403167
306533
80954
129395
218468
377385
243242
355815
311082
323742
358120
314511
203209
112120
67203
378428
215968
276542
647
217614
230852
303896
16685
312702
31729
407555
366454
356587
356897
378119
261984
144888
86373
391107
192431
114024
292792
264022
226387
367842
230559
276331
333181
112571
64657
115163
404966
295139
244534
156086
17532
316956
243251
388606
297143
211059
29543
29544
65552
315928
50963
379974
221495
343850
214644
288172
260487
264320
230850
407280
182585
117980
117981
385377
374221
222518
389346
290980
262942
197722
382865
237459
263329
149664
138777
338234
264087
114390
33018
2337
462
91984
227489
70623
114636
386074
374225
29415
262242
341043
283894
194573
294831
189406
149119
237745
304638
263873
348214
142868
390152
354101
148985
399677
283627
258859
192485
397823
11850
109949
136665
243502
1032
319383
101957
313031
261532
263070
392633
96258
146823
101958
262733
399065
11882
17217
402224
404753
277550
255253
16219
23065
210428
378001
344013
350101
299118
174315
397005
397611
55282
368966
163
227273
352922
390164
398215
369457
846
342108
336360
255876
289903
193461
13219
213456
368527
377384
225864
356056
335524
151637
229839
182480
23756
387440
270123
301211
152591
244748
320811
206304
171041
6001
397846
30446
34916
30835
382089
35461
129128
25284
64574
223765
368422
27347
389978
151686
255235
208212
375379
172573
402764
403178
405774
93197
112161
74257
342658
138068
327149
33236
244776
92177
343805
90938
11331
247762
382197
393809
2309
128462
134561
140639
361555
114110
393498
82186
330664
223939
337158
403731
179876
206952
137786
